40436934
40436944
40437040
40436880
40436881
40436882
40436883
40436884
40436885
40436886
40436887
40436888
40436889
40436890
40436891
40436892
40436893
40436894
40436895
40436896
40436897
40436898
40436899
40436900
40436901
40436902
40436903
40436904
40436905
40436906
40436907
40436908
40436909
40436910
40436911
40436912
40436913
40436914
40436915
40436916
40436917
40436918
40436919
40436920
40436921
40436922
40436923
40436924
40436925
40436926
40436927
40436928
40436929
40436930
40436931
40436932
40436933
40436935
40436936
40436937
40436938
40436939
40436940
40436941
40436942
40436943
40436945
40436946
40436947
40436948
40436949
40436950
40436951
40436952
40436953
40436954
40436955
40436956
40436957
40436958
40436959
40436960
40436961
40436962
40436963
40436964
40436965
40436966
40436967
40436968
40436969
40436970
40436971
40436972
40436973
40436974
40436975
40436976
40436977
40436978
40436979
40436980
40436981
40436982
40436983
40436984
40436985
40436986
40436987
40436988
40436989
40436990
40436991
40436992
40436993
40436994
40436995
40436996
40436997
40436998
40436999
40437000
40437001
40437002
40437003
40437004
40437005
40437006
40437007
40437008
40437009
40437010
40437011
40437012
40437013
40437014
40437015
40437016
40437017
40437018
40437019
40437020
40437021
40437022
40437023
40437024
40437025
40437026
40437027
40437028
40437029
40437030
40437031
40437032
40437033
40437034
40437035
40437036
40437037
40437038
40437039
40437041
40437042
40437043
40437044
40437045
40437046
40437047
40437048
40437049
40437050
40437051
40437052
40437053
40437054
